10 10
226 82 253 165 69 126 109 71 92 213
13 21 119 206 193 45 206 224 89 73
193 71 2 152 181 226 136 185 112 173
211 168 19 63 228 195 2 163 48 109
111 75 47 4 121 77 98 233 206 136
108 208 106 17 149 209 97 190 39 246
246 215 104 214 215 154 240 126 58 169
159 17 155 146 109 7 231 55 215 201
246 241 146 181 200 90 38 71 84 42
8 185 247 18 197 19 201 218 172 202
3 3
0.4182866908780175 0.05786309396649068 0.9808648945585497
0.09741508224738304 0.9555040131839961 0.48423718985564745
0.8132877590258492 0.030365916928617207 0.14117862483596302
